datum_lat  = 41.73917
datum_lon  = -69.99231
lat_north  = 41.73977
lat_south  = 41.73835
lon_west   = -69.99383
lon_east   = -69.99065
